	1	5	10	20	30
311.44742	374.85596	87.1028	59.27987	153.68277	121.64888
335.07114	123.68566	73.80585	151.93041	127.12865	104.70689
358.69486	129.18296	88.56074	194.76333	90.13015	212.18615
382.31858	138.45448	51.059	28.26166	45.50529	30.21029
405.94229	84.24576	25.73569	34.40961	17.64623	13.4013
429.56601	77.69589	18.83614	18.36206	20.90192	17.87613
453.18972	74.46447	15.64333	17.48873	12.11366	17.9749
476.81344	71.48863	17.35986	20.19135	11.70631	17.08509
500.43716	70.15585	17.54047	20.74949	13.30319	18.21328
524.06091	67.40526	19.08844	21.29389	14.26673	20.74744
547.68462	65.80374	19.6154	21.15051	13.45665	19.94976
571.30835	63.16333	18.87607	20.98701	13.87849	18.56154
594.93208	61.42107	19.23142	20.88333	13.89331	18.44552
618.55579	62.88376	20.55473	20.73766	13.71096	18.62681
642.17951	62.31003	19.60094	20.31613	13.64364	18.38062
665.80322	62.63174	18.03275	19.16785	12.76697	16.36996
689.42694	62.75302	17.4936	18.06365	11.52065	16.65742
713.05066	61.84863	16.74409	17.27361	11.79684	15.25113
736.67438	61.33379	15.63815	16.21491	11.144	13.6265
760.29809	61.87091	14.58822	14.78848	10.05529	12.96575
783.92181	61.56226	13.98289	13.60275	9.43526	11.40684
807.54552	62.21168	12.69418	11.89678	8.71294	10.00993
831.16926	62.60057	10.79505	10.25039	7.14399	8.33142
854.79298	62.97139	9.53618	8.5949	6.18494	7.23507
878.41669	62.70686	7.74268	7.19357	5.09044	5.89739
902.04041	63.02267	5.77606	5.40965	3.82403	4.39834
925.66412	63.75785	4.24903	3.71797	2.61188	2.82939
949.28784	64.63401	3.00677	2.31625	1.54313	1.70258
972.91156	65.21887	2.54913	1.40535	0.9562	1.55434
996.53528	64.74802	1.13084	1.59764	1.06416	1.68097
1020.159	63.43906	0.58893	2.62681	1.35933	1.94737
1043.78274	60.81694	2.03478	2.49824	1.58268	2.33416
1067.40647	57.08608	3.38099	2.7116	2.01571	2.81838
1091.03019	56.24783	3.55405	3.0421	2.1447	2.89826
1114.65391	55.79176	3.16607	2.92083	2.01002	2.70282
1138.27762	56.59359	2.48996	2.44431	1.78064	2.27307
1161.90134	58.7406	1.91468	1.74379	1.3196	1.55817
1185.52506	61.33356	2.17992	1.09697	0.85572	1.03358
1209.14878	63.30961	4.05045	0.64073	0.69266	0.83571
1232.77249	64.3536	7.03794	1.08391	0.61023	0.74748
1256.39621	65.29769	11.07567	2.80903	0.63221	0.774
1280.01992	66.00535	15.50252	5.71109	0.65056	0.93864
1303.64364	66.24279	17.67378	6.39209	0.83057	1.15073
1327.26736	66.38132	18.38265	4.84307	1.71237	1.33557
1350.89108	66.51418	21.13381	4.83293	1.71026	1.82548
1374.51479	66.90887	28.03967	12.69351	1.94658	1.67585
1398.13852	66.32514	35.0156	28.31976	11.32234	6.64754
1421.76224	65.27324	39.00421	37.88998	13.62007	5.37887
1445.38596	65.12542	43.30586	39.54207	8.27463	10.11188
1469.00967	64.6787	46.9135	35.58644	14.06338	7.05171
1492.63339	64.11458	49.72287	28.20607	17.74202	8.20227
1516.25711	62.86061	51.33041	21.30436	11.38896	9.59675
1539.88083	61.12573	52.11893	20.44374	7.85438	5.42044
1563.50455	60.60763	51.78721	25.08073	13.57394	9.00753
1587.12828	59.81665	49.91358	29.74174	14.44402	5.49747
1610.75199	58.9046	46.22025	30.50381	7.12009	3.51669
1634.37571	57.84457	41.73211	28.22996	2.63468	5.03333
1657.99942	58.15096	39.77324	27.22728	5.68147	3.71532
1681.62314	59.71631	39.94322	27.09615	12.60196	3.515
1705.24686	61.17733	40.45722	25.50105	15.07143	9.07673
1728.87058	61.95698	40.43396	23.03947	11.08397	9.01213
1752.49429	62.19096	40.21071	24.15823	12.84779	9.56681
1776.11803	61.98971	40.88098	29.96466	20.41909	14.53022
1799.74179	61.66645	42.5336	36.65217	21.85253	10.63334
1823.36551	61.25677	44.86876	40.92049	15.46881	11.72931
1846.98923	60.84001	47.217	42.05293	12.51708	14.70721
1870.61294	60.54024	49.24277	40.21021	18.31596	10.1037
1894.23667	60.08793	50.74119	35.85083	21.9411	11.62749
1917.86039	59.66716	51.68306	29.6186	17.69319	13.53722
1941.48411	59.22248	52.12021	23.82159	11.40486	9.05283
1965.10782	58.81173	51.88724	21.94118	13.3629	10.57343
1988.73154	58.47626	51.15713	24.90495	18.9354	12.01732
2012.35526	58.03885	49.80288	30.11362	18.59749	7.96057
2035.97898	57.68249	47.9517	34.23751	12.27049	9.13965
2059.6027	57.40401	45.51071	36.0268	9.16173	10.53379
2083.22641	57.15526	42.66752	35.37091	13.59598	7.07733
2106.85013	56.99531	39.56576	32.49061	17.59041	7.99556
2130.47385	56.95919	36.66666	27.72065	15.26576	9.9016
2154.09757	56.95903	34.41597	22.34426	9.71445	7.19998
2177.72128	56.98841	33.34648	18.65031	9.78008	7.82108
2201.345	57.00632	33.7932	19.11031	15.34483	10.12458
2224.96872	57.03226	35.49541	23.54427	17.80259	7.76554
2248.59244	57.07128	37.95304	29.0548	13.82864	7.91132
2272.21616	57.12466	40.53548	33.07474	9.35486	10.23016
2295.83987	57.28582	42.65369	34.63647	11.82168	8.11734
2319.46359	57.98589	43.45883	34.10124	16.99618	7.63293
2343.08731	58.57599	43.98518	30.88685	17.07618	9.65925
2366.71102	58.61331	44.62105	25.44164	11.80337	7.81925
2390.33475	56.94083	46.64925	19.97389	9.03606	7.27503
2413.95847	56.728	46.38971	17.28544	13.06237	9.27849
2437.58219	56.61201	45.49245	18.80506	16.73969	7.86912
2461.2059	56.53272	44.15414	23.30358	14.71077	6.93567
2484.82962	56.44877	42.32723	28.10868	9.69933	8.87524
2508.45333	56.38085	40.02109	31.01256	9.58977	7.79886
2532.07705	56.34554	37.30197	31.50431	14.29721	6.75503
2555.70078	56.18628	34.42756	29.58545	16.09482	8.40045
2579.3245	56.09188	31.78298	25.61776	12.12116	7.43957
2602.94822	55.90689	29.91339	20.3856	8.10433	6.23053
2626.57193	55.73745	29.27813	15.76076	10.07406	7.35988
2650.19565	55.48514	29.82696	14.07623	13.53721	6.2456
2673.81937	55.18145	31.20158	16.13143	12.19105	4.98758
2697.44308	54.9447	32.86681	19.83948	7.21028	5.64338
2721.06681	54.58252	34.34213	22.63467	5.4354	4.65495
2744.69052	54.26282	35.38966	23.33	8.07628	3.61099
2768.31427	53.83676	35.91982	21.56184	9.28495	4.05787
2791.93802	53.4922	35.7855	17.78904	6.31483	3.31944
2815.56173	53.03492	34.94331	12.61876	3.00424	2.62512
2839.18545	52.50379	33.48558	7.5513	3.41925	2.92003
2862.80917	52.07606	31.29491	4.41414	5.26609	2.57673
2886.4329	51.64074	28.38385	4.32258	4.90654	2.17688
2910.05662	51.06823	24.65561	6.24718	2.67122	2.33292
2933.68033	50.48646	20.52193	8.54097	1.47629	2.23014
2957.30405	50.06347	16.14204	9.92021	2.42099	2.07455
2980.92777	49.64084	11.86831	9.75649	3.15513	2.21726
3004.55148	48.9939	8.20818	8.16906	2.57969	2.10396
3028.1752	48.37447	5.71415	5.71162	1.6522	2.0552
3051.79892	47.73284	4.46965	3.19663	1.58096	2.1193
3075.42264	47.10306	4.29752	1.37465	2.06476	2.09634
3099.04636	46.40307	4.88464	0.62108	2.22166	2.03669
3122.67008	45.70644	5.96039	0.84029	2.0339	2.02368
3146.29379	45.04862	7.00406	1.54551	1.78287	2.04479
3169.91751	44.31361	7.90721	2.25885	1.76055	2.06975
3193.54123	43.64162	8.56431	2.77592	1.84509	2.01972
3217.16495	42.86079	8.84851	2.91542	1.86345	2.06938
3240.78867	42.11853	8.92086	2.85753	1.88173	2.00188
3264.41238	41.44513	8.75631	2.53896	1.81583	2.01765
3288.0361	40.61525	8.30939	2.16695	1.88874	1.96083
3311.65982	39.94521	7.80007	1.90664	1.70185	1.90591
3335.28353	39.17106	7.12144	1.72405	1.77765	1.96446
3358.90725	38.49448	6.4298	1.5552	1.76494	1.92928
3382.53098	38.07926	5.87537	1.42991	1.75216	1.80535
3406.1547	37.75088	5.39482	1.25003	1.68487	1.79792
3429.77841	37.67229	5.15817	1.23998	1.63985	1.70914
3453.40213	37.83281	4.891	1.03964	1.66314	1.58683
3477.02585	38.28477	4.77821	1.00228	1.46041	1.51524
3500.64957	39.00454	4.7204	0.79453	1.29246	1.45011
3524.27328	39.81018	4.59468	0.8157	1.35656	1.3853
3547.89701	40.7842	4.70482	0.92529	1.27795	1.30513
3571.52073	42.0238	4.82912	1.17778	1.25415	1.21277
3595.14444	43.64441	5.40569	1.84164	1.32385	1.15556
3618.76816	45.44922	6.7435	3.46264	1.34383	1.12627
3642.39187	47.91877	10.63778	6.90569	1.34166	1.17339
3666.01559	50.02415	17.89989	12.51099	3.37875	1.95778
3689.63931	51.54462	27.683	17.39517	10.88964	5.03304
3713.26303	52.3193	36.39676	22.01589	17.70552	11.82917
3736.88675	52.96872	41.33218	26.66859	20.54682	18.20836
3760.51052	52.64104	44.13758	31.51446	24.4053	20.87623
3784.13425	52.43678	45.15396	34.78962	27.17769	22.84926
3807.75797	52.43069	45.61961	35.75377	26.38873	23.42219
3831.38168	52.56199	45.6108	34.62489	24.79668	23.70835
3855.0054	52.23209	45.37541	32.86535	26.05851	24.55357
3878.62912	52.01759	44.59962	30.78947	28.40534	24.41764
3902.25284	51.7087	43.93275	29.29065	28.31517	24.73921
3925.87656	51.64841	43.24237	29.39953	26.18839	25.14545
3949.50027	51.41085	42.48516	31.14613	25.62339	25.09711
3973.12399	51.22884	41.45667	33.45969	27.58469	25.08137
3996.74771	51.05288	40.79684	35.53699	29.02069	25.66692
4020.37142	50.82603	40.2125	36.19861	27.93172	25.61087
4043.99515	50.66944	40.32946	35.54144	26.08404	25.62093
4067.61887	50.60511	40.71376	34.01416	26.65838	26.26994
4091.24259	50.41025	41.54009	32.17283	28.72222	26.53883
4114.8663	50.319	42.52774	30.65824	29.39246	26.33588
4138.49002	50.04992	43.37707	29.92549	27.91775	27.10897
4162.11374	49.95447	44.14878	30.43315	27.02008	27.02865
4185.73745	49.72904	44.40519	32.26077	27.69329	26.98808
4209.36118	49.70293	44.63841	34.42961	29.56006	27.40603
4232.9849	49.57979	44.80637	35.90908	29.64058	27.6218
4256.60861	49.51034	44.70447	36.03553	28.02438	27.60628
4280.23233	49.32135	44.22676	35.13059	27.3621	27.79704
4303.85604	49.21361	43.9479	33.79161	28.48815	28.2331
4327.47977	49.11809	43.45426	32.24358	29.83716	28.12421
4351.10348	48.96107	43.01551	30.92384	29.52618	28.13624
4374.72721	48.8412	42.34341	30.28816	27.91577	28.4633
4398.35093	48.77946	41.50716	30.82747	27.4627	28.20889
4421.97464	48.59352	40.82432	32.33712	28.74211	28.1373
4445.59835	48.50464	40.24244	34.03026	29.73463	28.30867
4469.22208	48.30082	40.15207	35.20704	29.25786	28.04296
4492.84579	48.3598	40.19604	35.62796	27.62685	27.8462
4516.46951	48.19984	40.59916	34.52089	27.38488	28.13347
4540.09324	48.17482	41.19365	33.1697	28.74124	28.0156
4563.71695	47.95063	41.95605	31.7118	29.76921	27.98285
4587.34067	48.03725	42.66665	30.66965	28.98618	28.18267
4610.96439	47.80523	43.25136	30.20326	27.68182	28.35944
4634.5881	47.75448	43.78434	30.72288	27.97509	28.34225
4658.21182	47.79424	43.97863	32.03718	29.33056	28.49531
4681.83554	47.52896	43.87951	33.66986	29.99559	28.83241
4705.45927	47.52126	43.75139	34.90239	28.91617	28.92585
4729.08298	47.40487	43.39581	35.13103	28.08198	29.00562
4752.70674	47.29374	43.17537	34.46164	28.24785	29.13987
4776.33048	47.12596	42.6791	33.13893	29.50904	29.0203
4799.95419	47.10902	42.16666	31.82337	29.86346	28.87612
4823.57791	47.00559	41.46091	30.77258	29.04576	28.92809
4847.20163	46.96804	40.69932	30.31018	27.99704	28.95043
4870.82535	46.87923	40.25227	30.58008	28.21207	28.6634
4894.44907	46.67951	39.96049	31.51962	29.27955	28.6553
4918.07279	46.73578	39.83816	33.01972	29.4843	28.7511
4941.6965	46.66024	39.83482	33.90976	28.55302	28.44416
4965.32022	46.59328	40.15701	34.14055	27.66874	28.43856
4988.94393	46.44167	40.63891	33.6307	28.13581	28.47521
5012.56766	46.30814	41.22768	32.6927	28.91121	28.2381
5036.19138	46.34108	41.60797	31.20768	28.98794	28.01525
5059.81509	46.34374	42.01233	30.26639	27.72658	27.9354
5083.43882	46.13837	42.34314	29.71344	27.00492	27.77206
5107.06253	46.12901	42.69302	29.81686	27.81106	27.61406
5130.68624	46.03022	42.62835	30.64103	28.6113	27.5662
5154.30997	45.99844	42.47431	31.7559	28.4228	27.76664
5177.93368	45.90385	42.24252	32.76176	27.4912	27.42974
5201.55741	45.92775	41.87567	33.17303	26.93697	27.78676
5225.18113	45.80278	41.51452	32.8841	27.77946	28.057
5248.80484	46.11902	41.10989	32.03253	28.87877	28.44116
5272.42856	45.98504	40.66634	31.35414	28.99509	28.60879
5296.05227	45.85583	40.33246	30.4139	28.19761	28.83777
5319.67599	45.92781	39.91827	29.99537	27.88019	29.12663
5343.29971	46.00093	39.35876	30.12703	28.60598	29.22177
5366.92343	45.92718	39.43376	30.77229	29.40482	29.40885
5390.54716	45.84264	39.5017	31.96598	28.94497	29.44532
5414.17087	45.6937	39.75655	32.89206	28.27804	29.1683
5437.79458	45.70574	39.93401	33.05258	27.93046	29.33426
5461.41831	45.89078	40.44234	32.79072	28.70772	29.16243
5485.04202	45.63819	41.08225	31.74675	29.21171	29.34328
5508.66573	45.64105	41.35797	30.87054	28.62584	29.24393
5532.28947	45.65649	41.66885	30.29505	28.07455	29.40338
5555.91318	45.75134	42.00293	29.71744	28.04042	29.27792
5579.5369	45.57599	41.83134	29.78637	28.56493	29.28052
5603.16061	45.52099	41.71869	30.38363	29.03616	29.31063
5626.78433	45.59174	41.49887	31.3921	28.86223	29.19195
5650.40805	45.55003	41.39369	32.00253	27.92012	29.2264
5674.03177	45.303	41.00884	32.30271	27.83777	29.03975
5697.65549	45.41526	40.75918	32.30977	28.37173	29.40024
5721.27922	45.63533	40.09323	31.54794	29.19349	29.19504
5744.90298	45.50342	39.83547	30.88304	28.55798	29.43762
5768.52671	45.3061	39.50591	30.02641	27.72557	29.40068
5792.15042	45.35836	38.87529	29.85427	27.86609	29.11285
5815.77413	45.15807	39.3584	29.84318	28.43502	29.23341
5839.39786	45.18306	39.05691	30.06832	28.72943	29.50851
5863.02158	45.36211	38.94196	30.73547	28.22448	29.20589
5886.6453	45.36863	39.52339	31.51503	27.56856	29.52879
5910.26901	45.16086	39.88596	31.7814	27.80343	29.26507
5933.89273	45.26612	40.07858	32.05038	28.30963	29.56871
5957.51645	45.21939	40.8757	31.25949	28.56599	29.25627
5981.14016	44.93354	40.71265	30.69022	28.09735	29.42321
6004.76388	44.9099	41.09937	29.86996	27.5864	29.18193
6028.38761	44.95864	41.32706	29.31698	27.99358	29.52846
6052.01132	44.83665	41.017	29.44676	28.40444	29.43956
6075.63505	44.81344	40.93522	29.46511	28.30189	29.33392
6099.25876	45.11063	40.84075	30.22989	28.14613	29.43222
6122.88247	44.78218	40.61206	31.0391	27.46632	29.48025
6146.50619	44.53648	40.17491	31.54891	27.71012	29.6194
6170.12991	44.69954	40.0446	31.33087	28.38212	29.76039
6193.75363	44.63343	39.4206	30.76018	28.61156	29.75617
6217.37736	44.97822	39.15983	30.11371	28.07203	29.40808
6241.00107	44.62895	38.77365	29.94726	27.7046	29.6853
6264.62479	44.70048	38.8981	29.46811	27.51933	29.87321
6288.2485	44.85311	39.07669	29.50006	28.0473	29.43634
6311.87222	44.89921	39.05457	29.39174	28.68905	29.44725
6335.49594	44.56597	39.41032	29.9208	28.40481	29.17037
6359.11966	44.69588	39.54629	30.61371	27.5975	29.61424
6382.74338	44.51647	39.74277	30.73291	27.64579	29.67472
6406.3671	44.77399	39.94789	30.46442	27.96607	29.58184
6429.99081	44.82532	40.19733	30.39238	28.17145	29.33105
6453.61453	44.69553	40.52109	29.91205	27.59167	29.66602
6477.23825	44.74557	40.44473	29.51444	27.86097	29.62274
6500.86197	44.90819	40.5288	28.89189	28.33365	29.15015
6524.48569	44.66711	40.39805	28.99058	28.00566	29.65911
6548.10941	44.6699	39.69083	29.84696	28.22742	29.53922
6571.73312	44.49032	40.43419	29.8289	27.9269	29.84654
6595.35684	44.84678	39.45511	29.75519	27.58512	29.66393
6618.98056	44.4659	40.03559	30.41913	27.84281	29.86253
6642.60428	44.60789	39.23172	30.27259	28.49094	29.28257
66599.228	44.66506	39.1089	29.60628	27.55892	29.65945
6689.85172	44.62849	39.05251	29.69293	27.60568	29.22549
6713.47546	45.07225	38.13017	28.98603	26.94666	29.10606
6737.09921	44.64702	38.50187	28.81113	27.64394	29.1677
6760.72293	44.772	38.70324	28.66878	27.0456	28.95255
6784.34665	44.66654	39.18764	29.63092	28.02614	28.8189
6807.97036	44.80055	38.40554	29.42778	27.18013	28.42477
6831.59409	44.35704	39.02227	30.21885	26.60126	29.32095
6855.21781	44.33549	39.36298	29.45585	27.23144	29.33697
6878.84152	43.85231	39.9502	29.79891	27.12551	29.29825
6902.46524	44.53221	39.69982	29.81457	27.39868	29.7066
6926.08896	44.59381	39.6942	29.16419	27.58514	28.89226
6949.71268	44.70678	40.2076	28.44803	26.27469	29.05981
6973.33639	45.37183	40.40717	29.98473	27.07042	28.94829